{
 "cells": [
  {
   "cell_type": "code",
   "execution_count": 1,
   "id": "c640ff93",
   "metadata": {
    "ExecuteTime": {
     "end_time": "2021-07-19T18:10:49.461536Z",
     "start_time": "2021-07-19T18:10:47.527376Z"
    }
   },
   "outputs": [],
   "source": [
    "import numpy as np\n",
    "import pandas as pd\n",
    "import statsmodels.api as sm\n",
    "from sklearn.linear_model import LinearRegression\n",
    "from sklearn.svm import SVR\n",
    "from sklearn import tree\n",
    "from sklearn.pipeline import make_pipeline\n",
    "from sklearn.preprocessing import StandardScaler\n",
    "from sklearn.model_selection import train_test_split\n",
    "from sklearn.metrics import accuracy_score\n",
    "from sklearn.metrics import mean_squared_error\n",
    "from sklearn.metrics import r2_score\n",
    "import matplotlib.pyplot as plt\n",
    "import seaborn as sns\n",
    "sns.set()"
   ]
  },
  {
   "cell_type": "code",
   "execution_count": 2,
   "id": "13097324",
   "metadata": {
    "ExecuteTime": {
     "end_time": "2021-07-19T18:10:49.539182Z",
     "start_time": "2021-07-19T18:10:49.463715Z"
    }
   },
   "outputs": [
    {
     "data": {
      "text/html": [
       "<div>\n",
       "<style scoped>\n",
       "    .dataframe tbody tr th:only-of-type {\n",
       "        vertical-align: middle;\n",
       "    }\n",
       "\n",
       "    .dataframe tbody tr th {\n",
       "        vertical-align: top;\n",
       "    }\n",
       "\n",
       "    .dataframe thead th {\n",
       "        text-align: right;\n",
       "    }\n",
       "</style>\n",
       "<table border=\"1\" class=\"dataframe\">\n",
       "  <thead>\n",
       "    <tr style=\"text-align: right;\">\n",
       "      <th></th>\n",
       "      <th>BT_6V</th>\n",
       "      <th>BT_6H</th>\n",
       "      <th>BT_10V</th>\n",
       "      <th>BT_10H</th>\n",
       "      <th>BT_18V</th>\n",
       "      <th>BT_18H</th>\n",
       "      <th>BT_36V</th>\n",
       "      <th>BT_36H</th>\n",
       "      <th>BT_89V</th>\n",
       "      <th>BT_89H</th>\n",
       "      <th>MODIS_LST</th>\n",
       "      <th>SM</th>\n",
       "      <th>VegWater</th>\n",
       "      <th>PR6</th>\n",
       "      <th>PR10</th>\n",
       "      <th>PR18</th>\n",
       "      <th>PR36</th>\n",
       "      <th>PR89</th>\n",
       "    </tr>\n",
       "  </thead>\n",
       "  <tbody>\n",
       "    <tr>\n",
       "      <th>0</th>\n",
       "      <td>302.9</td>\n",
       "      <td>280.2</td>\n",
       "      <td>301.7</td>\n",
       "      <td>282.7</td>\n",
       "      <td>303.8</td>\n",
       "      <td>290.7</td>\n",
       "      <td>301.5</td>\n",
       "      <td>293.2</td>\n",
       "      <td>303.2</td>\n",
       "      <td>299.3</td>\n",
       "      <td>316.737305</td>\n",
       "      <td>0.091</td>\n",
       "      <td>2.07</td>\n",
       "      <td>0.925058</td>\n",
       "      <td>0.937024</td>\n",
       "      <td>0.956880</td>\n",
       "      <td>0.972471</td>\n",
       "      <td>0.987137</td>\n",
       "    </tr>\n",
       "    <tr>\n",
       "      <th>1</th>\n",
       "      <td>303.5</td>\n",
       "      <td>280.9</td>\n",
       "      <td>300.3</td>\n",
       "      <td>281.1</td>\n",
       "      <td>302.5</td>\n",
       "      <td>289.1</td>\n",
       "      <td>300.4</td>\n",
       "      <td>291.5</td>\n",
       "      <td>303.7</td>\n",
       "      <td>299.4</td>\n",
       "      <td>316.907104</td>\n",
       "      <td>0.088</td>\n",
       "      <td>1.95</td>\n",
       "      <td>0.925535</td>\n",
       "      <td>0.936064</td>\n",
       "      <td>0.955702</td>\n",
       "      <td>0.970373</td>\n",
       "      <td>0.985841</td>\n",
       "    </tr>\n",
       "    <tr>\n",
       "      <th>2</th>\n",
       "      <td>308.2</td>\n",
       "      <td>289.1</td>\n",
       "      <td>298.2</td>\n",
       "      <td>279.3</td>\n",
       "      <td>300.5</td>\n",
       "      <td>287.0</td>\n",
       "      <td>298.6</td>\n",
       "      <td>289.2</td>\n",
       "      <td>301.2</td>\n",
       "      <td>296.9</td>\n",
       "      <td>315.573120</td>\n",
       "      <td>0.088</td>\n",
       "      <td>1.76</td>\n",
       "      <td>0.938027</td>\n",
       "      <td>0.936620</td>\n",
       "      <td>0.955075</td>\n",
       "      <td>0.968520</td>\n",
       "      <td>0.985724</td>\n",
       "    </tr>\n",
       "    <tr>\n",
       "      <th>3</th>\n",
       "      <td>316.3</td>\n",
       "      <td>303.8</td>\n",
       "      <td>297.3</td>\n",
       "      <td>279.5</td>\n",
       "      <td>299.4</td>\n",
       "      <td>286.4</td>\n",
       "      <td>297.3</td>\n",
       "      <td>288.1</td>\n",
       "      <td>299.9</td>\n",
       "      <td>294.8</td>\n",
       "      <td>314.346863</td>\n",
       "      <td>0.085</td>\n",
       "      <td>1.67</td>\n",
       "      <td>0.960481</td>\n",
       "      <td>0.940128</td>\n",
       "      <td>0.956580</td>\n",
       "      <td>0.969055</td>\n",
       "      <td>0.982994</td>\n",
       "    </tr>\n",
       "    <tr>\n",
       "      <th>4</th>\n",
       "      <td>313.8</td>\n",
       "      <td>298.3</td>\n",
       "      <td>298.1</td>\n",
       "      <td>280.9</td>\n",
       "      <td>300.2</td>\n",
       "      <td>287.8</td>\n",
       "      <td>297.2</td>\n",
       "      <td>288.9</td>\n",
       "      <td>297.2</td>\n",
       "      <td>293.3</td>\n",
       "      <td>312.924072</td>\n",
       "      <td>0.081</td>\n",
       "      <td>1.76</td>\n",
       "      <td>0.950605</td>\n",
       "      <td>0.942301</td>\n",
       "      <td>0.958694</td>\n",
       "      <td>0.972073</td>\n",
       "      <td>0.986878</td>\n",
       "    </tr>\n",
       "    <tr>\n",
       "      <th>...</th>\n",
       "      <td>...</td>\n",
       "      <td>...</td>\n",
       "      <td>...</td>\n",
       "      <td>...</td>\n",
       "      <td>...</td>\n",
       "      <td>...</td>\n",
       "      <td>...</td>\n",
       "      <td>...</td>\n",
       "      <td>...</td>\n",
       "      <td>...</td>\n",
       "      <td>...</td>\n",
       "      <td>...</td>\n",
       "      <td>...</td>\n",
       "      <td>...</td>\n",
       "      <td>...</td>\n",
       "      <td>...</td>\n",
       "      <td>...</td>\n",
       "      <td>...</td>\n",
       "    </tr>\n",
       "    <tr>\n",
       "      <th>13003</th>\n",
       "      <td>299.5</td>\n",
       "      <td>275.1</td>\n",
       "      <td>298.5</td>\n",
       "      <td>278.2</td>\n",
       "      <td>300.0</td>\n",
       "      <td>287.3</td>\n",
       "      <td>297.1</td>\n",
       "      <td>289.1</td>\n",
       "      <td>297.8</td>\n",
       "      <td>295.2</td>\n",
       "      <td>317.833405</td>\n",
       "      <td>0.098</td>\n",
       "      <td>2.65</td>\n",
       "      <td>0.918531</td>\n",
       "      <td>0.931993</td>\n",
       "      <td>0.957667</td>\n",
       "      <td>0.973073</td>\n",
       "      <td>0.991269</td>\n",
       "    </tr>\n",
       "    <tr>\n",
       "      <th>13004</th>\n",
       "      <td>299.1</td>\n",
       "      <td>274.4</td>\n",
       "      <td>298.1</td>\n",
       "      <td>277.9</td>\n",
       "      <td>300.1</td>\n",
       "      <td>287.3</td>\n",
       "      <td>297.9</td>\n",
       "      <td>289.5</td>\n",
       "      <td>299.1</td>\n",
       "      <td>296.6</td>\n",
       "      <td>318.501984</td>\n",
       "      <td>0.108</td>\n",
       "      <td>2.57</td>\n",
       "      <td>0.917419</td>\n",
       "      <td>0.932238</td>\n",
       "      <td>0.957348</td>\n",
       "      <td>0.971803</td>\n",
       "      <td>0.991642</td>\n",
       "    </tr>\n",
       "    <tr>\n",
       "      <th>13005</th>\n",
       "      <td>299.2</td>\n",
       "      <td>274.8</td>\n",
       "      <td>298.1</td>\n",
       "      <td>278.5</td>\n",
       "      <td>299.6</td>\n",
       "      <td>287.5</td>\n",
       "      <td>296.6</td>\n",
       "      <td>289.1</td>\n",
       "      <td>296.9</td>\n",
       "      <td>294.5</td>\n",
       "      <td>314.198395</td>\n",
       "      <td>0.098</td>\n",
       "      <td>2.76</td>\n",
       "      <td>0.918449</td>\n",
       "      <td>0.934250</td>\n",
       "      <td>0.959613</td>\n",
       "      <td>0.974713</td>\n",
       "      <td>0.991916</td>\n",
       "    </tr>\n",
       "    <tr>\n",
       "      <th>13006</th>\n",
       "      <td>299.4</td>\n",
       "      <td>275.8</td>\n",
       "      <td>298.4</td>\n",
       "      <td>279.3</td>\n",
       "      <td>300.1</td>\n",
       "      <td>288.1</td>\n",
       "      <td>297.6</td>\n",
       "      <td>289.9</td>\n",
       "      <td>298.0</td>\n",
       "      <td>295.9</td>\n",
       "      <td>314.989716</td>\n",
       "      <td>0.105</td>\n",
       "      <td>2.64</td>\n",
       "      <td>0.921176</td>\n",
       "      <td>0.935992</td>\n",
       "      <td>0.960013</td>\n",
       "      <td>0.974126</td>\n",
       "      <td>0.992953</td>\n",
       "    </tr>\n",
       "    <tr>\n",
       "      <th>13007</th>\n",
       "      <td>299.7</td>\n",
       "      <td>276.5</td>\n",
       "      <td>298.5</td>\n",
       "      <td>280.0</td>\n",
       "      <td>300.3</td>\n",
       "      <td>288.4</td>\n",
       "      <td>298.0</td>\n",
       "      <td>290.2</td>\n",
       "      <td>298.9</td>\n",
       "      <td>296.6</td>\n",
       "      <td>315.589844</td>\n",
       "      <td>0.114</td>\n",
       "      <td>2.49</td>\n",
       "      <td>0.922589</td>\n",
       "      <td>0.938023</td>\n",
       "      <td>0.960373</td>\n",
       "      <td>0.973826</td>\n",
       "      <td>0.992305</td>\n",
       "    </tr>\n",
       "  </tbody>\n",
       "</table>\n",
       "<p>13008 rows × 18 columns</p>\n",
       "</div>"
      ],
      "text/plain": [
       "       BT_6V  BT_6H  BT_10V  BT_10H  BT_18V  BT_18H  BT_36V  BT_36H  BT_89V  \\\n",
       "0      302.9  280.2   301.7   282.7   303.8   290.7   301.5   293.2   303.2   \n",
       "1      303.5  280.9   300.3   281.1   302.5   289.1   300.4   291.5   303.7   \n",
       "2      308.2  289.1   298.2   279.3   300.5   287.0   298.6   289.2   301.2   \n",
       "3      316.3  303.8   297.3   279.5   299.4   286.4   297.3   288.1   299.9   \n",
       "4      313.8  298.3   298.1   280.9   300.2   287.8   297.2   288.9   297.2   \n",
       "...      ...    ...     ...     ...     ...     ...     ...     ...     ...   \n",
       "13003  299.5  275.1   298.5   278.2   300.0   287.3   297.1   289.1   297.8   \n",
       "13004  299.1  274.4   298.1   277.9   300.1   287.3   297.9   289.5   299.1   \n",
       "13005  299.2  274.8   298.1   278.5   299.6   287.5   296.6   289.1   296.9   \n",
       "13006  299.4  275.8   298.4   279.3   300.1   288.1   297.6   289.9   298.0   \n",
       "13007  299.7  276.5   298.5   280.0   300.3   288.4   298.0   290.2   298.9   \n",
       "\n",
       "       BT_89H   MODIS_LST     SM  VegWater       PR6      PR10      PR18  \\\n",
       "0       299.3  316.737305  0.091      2.07  0.925058  0.937024  0.956880   \n",
       "1       299.4  316.907104  0.088      1.95  0.925535  0.936064  0.955702   \n",
       "2       296.9  315.573120  0.088      1.76  0.938027  0.936620  0.955075   \n",
       "3       294.8  314.346863  0.085      1.67  0.960481  0.940128  0.956580   \n",
       "4       293.3  312.924072  0.081      1.76  0.950605  0.942301  0.958694   \n",
       "...       ...         ...    ...       ...       ...       ...       ...   \n",
       "13003   295.2  317.833405  0.098      2.65  0.918531  0.931993  0.957667   \n",
       "13004   296.6  318.501984  0.108      2.57  0.917419  0.932238  0.957348   \n",
       "13005   294.5  314.198395  0.098      2.76  0.918449  0.934250  0.959613   \n",
       "13006   295.9  314.989716  0.105      2.64  0.921176  0.935992  0.960013   \n",
       "13007   296.6  315.589844  0.114      2.49  0.922589  0.938023  0.960373   \n",
       "\n",
       "           PR36      PR89  \n",
       "0      0.972471  0.987137  \n",
       "1      0.970373  0.985841  \n",
       "2      0.968520  0.985724  \n",
       "3      0.969055  0.982994  \n",
       "4      0.972073  0.986878  \n",
       "...         ...       ...  \n",
       "13003  0.973073  0.991269  \n",
       "13004  0.971803  0.991642  \n",
       "13005  0.974713  0.991916  \n",
       "13006  0.974126  0.992953  \n",
       "13007  0.973826  0.992305  \n",
       "\n",
       "[13008 rows x 18 columns]"
      ]
     },
     "execution_count": 2,
     "metadata": {},
     "output_type": "execute_result"
    }
   ],
   "source": [
    "data=pd.read_csv('E:/rahul/processed_data/South_india.csv',index_col=[0])\n",
    "data"
   ]
  },
  {
   "cell_type": "code",
   "execution_count": 3,
   "id": "adf90798",
   "metadata": {
    "ExecuteTime": {
     "end_time": "2021-07-19T18:10:49.562050Z",
     "start_time": "2021-07-19T18:10:49.541177Z"
    }
   },
   "outputs": [],
   "source": [
    "data['(36V-18V)^2']=(data['BT_36V']-data['BT_18V'])**2"
   ]
  },
  {
   "cell_type": "code",
   "execution_count": 4,
   "id": "f4034cbf",
   "metadata": {
    "ExecuteTime": {
     "end_time": "2021-07-19T18:10:49.606656Z",
     "start_time": "2021-07-19T18:10:49.563048Z"
    }
   },
   "outputs": [
    {
     "data": {
      "text/html": [
       "<div>\n",
       "<style scoped>\n",
       "    .dataframe tbody tr th:only-of-type {\n",
       "        vertical-align: middle;\n",
       "    }\n",
       "\n",
       "    .dataframe tbody tr th {\n",
       "        vertical-align: top;\n",
       "    }\n",
       "\n",
       "    .dataframe thead th {\n",
       "        text-align: right;\n",
       "    }\n",
       "</style>\n",
       "<table border=\"1\" class=\"dataframe\">\n",
       "  <thead>\n",
       "    <tr style=\"text-align: right;\">\n",
       "      <th></th>\n",
       "      <th>BT_6V</th>\n",
       "      <th>BT_6H</th>\n",
       "      <th>BT_10V</th>\n",
       "      <th>BT_10H</th>\n",
       "      <th>BT_18V</th>\n",
       "      <th>BT_18H</th>\n",
       "      <th>BT_36V</th>\n",
       "      <th>BT_36H</th>\n",
       "      <th>BT_89V</th>\n",
       "      <th>BT_89H</th>\n",
       "      <th>MODIS_LST</th>\n",
       "      <th>SM</th>\n",
       "      <th>VegWater</th>\n",
       "      <th>PR6</th>\n",
       "      <th>PR10</th>\n",
       "      <th>PR18</th>\n",
       "      <th>PR36</th>\n",
       "      <th>PR89</th>\n",
       "      <th>(36V-18V)^2</th>\n",
       "    </tr>\n",
       "  </thead>\n",
       "  <tbody>\n",
       "    <tr>\n",
       "      <th>BT_6V</th>\n",
       "      <td>1.000000</td>\n",
       "      <td>0.706881</td>\n",
       "      <td>0.902436</td>\n",
       "      <td>0.707383</td>\n",
       "      <td>0.890023</td>\n",
       "      <td>0.798186</td>\n",
       "      <td>0.865702</td>\n",
       "      <td>0.834992</td>\n",
       "      <td>0.639430</td>\n",
       "      <td>0.598069</td>\n",
       "      <td>0.695800</td>\n",
       "      <td>-0.528674</td>\n",
       "      <td>-0.044823</td>\n",
       "      <td>-0.228920</td>\n",
       "      <td>-0.224399</td>\n",
       "      <td>-0.186993</td>\n",
       "      <td>0.010353</td>\n",
       "      <td>-0.299627</td>\n",
       "      <td>0.489434</td>\n",
       "    </tr>\n",
       "    <tr>\n",
       "      <th>BT_6H</th>\n",
       "      <td>0.706881</td>\n",
       "      <td>1.000000</td>\n",
       "      <td>0.568021</td>\n",
       "      <td>0.834190</td>\n",
       "      <td>0.518417</td>\n",
       "      <td>0.769785</td>\n",
       "      <td>0.478689</td>\n",
       "      <td>0.696503</td>\n",
       "      <td>0.245094</td>\n",
       "      <td>0.290480</td>\n",
       "      <td>0.293277</td>\n",
       "      <td>-0.202790</td>\n",
       "      <td>0.145106</td>\n",
       "      <td>0.526247</td>\n",
       "      <td>0.450132</td>\n",
       "      <td>0.464409</td>\n",
       "      <td>0.581071</td>\n",
       "      <td>0.061384</td>\n",
       "      <td>0.170282</td>\n",
       "    </tr>\n",
       "    <tr>\n",
       "      <th>BT_10V</th>\n",
       "      <td>0.902436</td>\n",
       "      <td>0.568021</td>\n",
       "      <td>1.000000</td>\n",
       "      <td>0.773257</td>\n",
       "      <td>0.988003</td>\n",
       "      <td>0.881559</td>\n",
       "      <td>0.971562</td>\n",
       "      <td>0.932071</td>\n",
       "      <td>0.761296</td>\n",
       "      <td>0.733361</td>\n",
       "      <td>0.799402</td>\n",
       "      <td>-0.547702</td>\n",
       "      <td>-0.014331</td>\n",
       "      <td>-0.299254</td>\n",
       "      <td>-0.265831</td>\n",
       "      <td>-0.217277</td>\n",
       "      <td>-0.002258</td>\n",
       "      <td>-0.295332</td>\n",
       "      <td>0.509380</td>\n",
       "    </tr>\n",
       "    <tr>\n",
       "      <th>BT_10H</th>\n",
       "      <td>0.707383</td>\n",
       "      <td>0.834190</td>\n",
       "      <td>0.773257</td>\n",
       "      <td>1.000000</td>\n",
       "      <td>0.727019</td>\n",
       "      <td>0.964617</td>\n",
       "      <td>0.691198</td>\n",
       "      <td>0.905115</td>\n",
       "      <td>0.443576</td>\n",
       "      <td>0.504286</td>\n",
       "      <td>0.456987</td>\n",
       "      <td>-0.279293</td>\n",
       "      <td>0.167055</td>\n",
       "      <td>0.305535</td>\n",
       "      <td>0.405391</td>\n",
       "      <td>0.433597</td>\n",
       "      <td>0.590710</td>\n",
       "      <td>0.049292</td>\n",
       "      <td>0.254843</td>\n",
       "    </tr>\n",
       "    <tr>\n",
       "      <th>BT_18V</th>\n",
       "      <td>0.890023</td>\n",
       "      <td>0.518417</td>\n",
       "      <td>0.988003</td>\n",
       "      <td>0.727019</td>\n",
       "      <td>1.000000</td>\n",
       "      <td>0.859872</td>\n",
       "      <td>0.992048</td>\n",
       "      <td>0.922936</td>\n",
       "      <td>0.804323</td>\n",
       "      <td>0.768812</td>\n",
       "      <td>0.822631</td>\n",
       "      <td>-0.572891</td>\n",
       "      <td>-0.081078</td>\n",
       "      <td>-0.353705</td>\n",
       "      <td>-0.319723</td>\n",
       "      <td>-0.281692</td>\n",
       "      <td>-0.073451</td>\n",
       "      <td>-0.329520</td>\n",
       "      <td>0.499180</td>\n",
       "    </tr>\n",
       "    <tr>\n",
       "      <th>BT_18H</th>\n",
       "      <td>0.798186</td>\n",
       "      <td>0.769785</td>\n",
       "      <td>0.881559</td>\n",
       "      <td>0.964617</td>\n",
       "      <td>0.859872</td>\n",
       "      <td>1.000000</td>\n",
       "      <td>0.834843</td>\n",
       "      <td>0.980153</td>\n",
       "      <td>0.576820</td>\n",
       "      <td>0.625645</td>\n",
       "      <td>0.574728</td>\n",
       "      <td>-0.397921</td>\n",
       "      <td>0.170766</td>\n",
       "      <td>0.106624</td>\n",
       "      <td>0.195277</td>\n",
       "      <td>0.247405</td>\n",
       "      <td>0.436091</td>\n",
       "      <td>-0.023076</td>\n",
       "      <td>0.317218</td>\n",
       "    </tr>\n",
       "    <tr>\n",
       "      <th>BT_36V</th>\n",
       "      <td>0.865702</td>\n",
       "      <td>0.478689</td>\n",
       "      <td>0.971562</td>\n",
       "      <td>0.691198</td>\n",
       "      <td>0.992048</td>\n",
       "      <td>0.834843</td>\n",
       "      <td>1.000000</td>\n",
       "      <td>0.914162</td>\n",
       "      <td>0.850981</td>\n",
       "      <td>0.819103</td>\n",
       "      <td>0.825482</td>\n",
       "      <td>-0.562882</td>\n",
       "      <td>-0.091000</td>\n",
       "      <td>-0.380257</td>\n",
       "      <td>-0.351564</td>\n",
       "      <td>-0.314712</td>\n",
       "      <td>-0.114749</td>\n",
       "      <td>-0.332437</td>\n",
       "      <td>0.417663</td>\n",
       "    </tr>\n",
       "    <tr>\n",
       "      <th>BT_36H</th>\n",
       "      <td>0.834992</td>\n",
       "      <td>0.696503</td>\n",
       "      <td>0.932071</td>\n",
       "      <td>0.905115</td>\n",
       "      <td>0.922936</td>\n",
       "      <td>0.980153</td>\n",
       "      <td>0.914162</td>\n",
       "      <td>1.000000</td>\n",
       "      <td>0.685599</td>\n",
       "      <td>0.721321</td>\n",
       "      <td>0.651780</td>\n",
       "      <td>-0.451607</td>\n",
       "      <td>0.133473</td>\n",
       "      <td>-0.039581</td>\n",
       "      <td>0.031866</td>\n",
       "      <td>0.090291</td>\n",
       "      <td>0.297638</td>\n",
       "      <td>-0.091428</td>\n",
       "      <td>0.303999</td>\n",
       "    </tr>\n",
       "    <tr>\n",
       "      <th>BT_89V</th>\n",
       "      <td>0.639430</td>\n",
       "      <td>0.245094</td>\n",
       "      <td>0.761296</td>\n",
       "      <td>0.443576</td>\n",
       "      <td>0.804323</td>\n",
       "      <td>0.576820</td>\n",
       "      <td>0.850981</td>\n",
       "      <td>0.685599</td>\n",
       "      <td>1.000000</td>\n",
       "      <td>0.948958</td>\n",
       "      <td>0.806342</td>\n",
       "      <td>-0.416322</td>\n",
       "      <td>-0.279033</td>\n",
       "      <td>-0.433765</td>\n",
       "      <td>-0.428665</td>\n",
       "      <td>-0.446171</td>\n",
       "      <td>-0.326878</td>\n",
       "      <td>-0.428428</td>\n",
       "      <td>0.234101</td>\n",
       "    </tr>\n",
       "    <tr>\n",
       "      <th>BT_89H</th>\n",
       "      <td>0.598069</td>\n",
       "      <td>0.290480</td>\n",
       "      <td>0.733361</td>\n",
       "      <td>0.504286</td>\n",
       "      <td>0.768812</td>\n",
       "      <td>0.625645</td>\n",
       "      <td>0.819103</td>\n",
       "      <td>0.721321</td>\n",
       "      <td>0.948958</td>\n",
       "      <td>1.000000</td>\n",
       "      <td>0.711079</td>\n",
       "      <td>-0.367118</td>\n",
       "      <td>-0.114341</td>\n",
       "      <td>-0.320942</td>\n",
       "      <td>-0.297022</td>\n",
       "      <td>-0.288578</td>\n",
       "      <td>-0.166402</td>\n",
       "      <td>-0.121608</td>\n",
       "      <td>0.153413</td>\n",
       "    </tr>\n",
       "    <tr>\n",
       "      <th>MODIS_LST</th>\n",
       "      <td>0.695800</td>\n",
       "      <td>0.293277</td>\n",
       "      <td>0.799402</td>\n",
       "      <td>0.456987</td>\n",
       "      <td>0.822631</td>\n",
       "      <td>0.574728</td>\n",
       "      <td>0.825482</td>\n",
       "      <td>0.651780</td>\n",
       "      <td>0.806342</td>\n",
       "      <td>0.711079</td>\n",
       "      <td>1.000000</td>\n",
       "      <td>-0.528378</td>\n",
       "      <td>-0.341471</td>\n",
       "      <td>-0.435520</td>\n",
       "      <td>-0.462037</td>\n",
       "      <td>-0.483104</td>\n",
       "      <td>-0.347160</td>\n",
       "      <td>-0.500964</td>\n",
       "      <td>0.508347</td>\n",
       "    </tr>\n",
       "    <tr>\n",
       "      <th>SM</th>\n",
       "      <td>-0.528674</td>\n",
       "      <td>-0.202790</td>\n",
       "      <td>-0.547702</td>\n",
       "      <td>-0.279293</td>\n",
       "      <td>-0.572891</td>\n",
       "      <td>-0.397921</td>\n",
       "      <td>-0.562882</td>\n",
       "      <td>-0.451607</td>\n",
       "      <td>-0.416322</td>\n",
       "      <td>-0.367118</td>\n",
       "      <td>-0.528378</td>\n",
       "      <td>1.000000</td>\n",
       "      <td>0.170437</td>\n",
       "      <td>0.360861</td>\n",
       "      <td>0.369111</td>\n",
       "      <td>0.343727</td>\n",
       "      <td>0.222170</td>\n",
       "      <td>0.260824</td>\n",
       "      <td>-0.428307</td>\n",
       "    </tr>\n",
       "    <tr>\n",
       "      <th>VegWater</th>\n",
       "      <td>-0.044823</td>\n",
       "      <td>0.145106</td>\n",
       "      <td>-0.014331</td>\n",
       "      <td>0.167055</td>\n",
       "      <td>-0.081078</td>\n",
       "      <td>0.170766</td>\n",
       "      <td>-0.091000</td>\n",
       "      <td>0.133473</td>\n",
       "      <td>-0.279033</td>\n",
       "      <td>-0.114341</td>\n",
       "      <td>-0.341471</td>\n",
       "      <td>0.170437</td>\n",
       "      <td>1.000000</td>\n",
       "      <td>0.257676</td>\n",
       "      <td>0.276701</td>\n",
       "      <td>0.474088</td>\n",
       "      <td>0.538937</td>\n",
       "      <td>0.550689</td>\n",
       "      <td>-0.175327</td>\n",
       "    </tr>\n",
       "    <tr>\n",
       "      <th>PR6</th>\n",
       "      <td>-0.228920</td>\n",
       "      <td>0.526247</td>\n",
       "      <td>-0.299254</td>\n",
       "      <td>0.305535</td>\n",
       "      <td>-0.353705</td>\n",
       "      <td>0.106624</td>\n",
       "      <td>-0.380257</td>\n",
       "      <td>-0.039581</td>\n",
       "      <td>-0.433765</td>\n",
       "      <td>-0.320942</td>\n",
       "      <td>-0.435520</td>\n",
       "      <td>0.360861</td>\n",
       "      <td>0.257676</td>\n",
       "      <td>1.000000</td>\n",
       "      <td>0.896525</td>\n",
       "      <td>0.872124</td>\n",
       "      <td>0.797797</td>\n",
       "      <td>0.447322</td>\n",
       "      <td>-0.356958</td>\n",
       "    </tr>\n",
       "    <tr>\n",
       "      <th>PR10</th>\n",
       "      <td>-0.224399</td>\n",
       "      <td>0.450132</td>\n",
       "      <td>-0.265831</td>\n",
       "      <td>0.405391</td>\n",
       "      <td>-0.319723</td>\n",
       "      <td>0.195277</td>\n",
       "      <td>-0.351564</td>\n",
       "      <td>0.031866</td>\n",
       "      <td>-0.428665</td>\n",
       "      <td>-0.297022</td>\n",
       "      <td>-0.462037</td>\n",
       "      <td>0.369111</td>\n",
       "      <td>0.276701</td>\n",
       "      <td>0.896525</td>\n",
       "      <td>1.000000</td>\n",
       "      <td>0.973919</td>\n",
       "      <td>0.905001</td>\n",
       "      <td>0.499752</td>\n",
       "      <td>-0.349895</td>\n",
       "    </tr>\n",
       "    <tr>\n",
       "      <th>PR18</th>\n",
       "      <td>-0.186993</td>\n",
       "      <td>0.464409</td>\n",
       "      <td>-0.217277</td>\n",
       "      <td>0.433597</td>\n",
       "      <td>-0.281692</td>\n",
       "      <td>0.247405</td>\n",
       "      <td>-0.314712</td>\n",
       "      <td>0.090291</td>\n",
       "      <td>-0.446171</td>\n",
       "      <td>-0.288578</td>\n",
       "      <td>-0.483104</td>\n",
       "      <td>0.343727</td>\n",
       "      <td>0.474088</td>\n",
       "      <td>0.872124</td>\n",
       "      <td>0.973919</td>\n",
       "      <td>1.000000</td>\n",
       "      <td>0.961408</td>\n",
       "      <td>0.578759</td>\n",
       "      <td>-0.352476</td>\n",
       "    </tr>\n",
       "    <tr>\n",
       "      <th>PR36</th>\n",
       "      <td>0.010353</td>\n",
       "      <td>0.581071</td>\n",
       "      <td>-0.002258</td>\n",
       "      <td>0.590710</td>\n",
       "      <td>-0.073451</td>\n",
       "      <td>0.436091</td>\n",
       "      <td>-0.114749</td>\n",
       "      <td>0.297638</td>\n",
       "      <td>-0.326878</td>\n",
       "      <td>-0.166402</td>\n",
       "      <td>-0.347160</td>\n",
       "      <td>0.222170</td>\n",
       "      <td>0.538937</td>\n",
       "      <td>0.797797</td>\n",
       "      <td>0.905001</td>\n",
       "      <td>0.961408</td>\n",
       "      <td>1.000000</td>\n",
       "      <td>0.553677</td>\n",
       "      <td>-0.238938</td>\n",
       "    </tr>\n",
       "    <tr>\n",
       "      <th>PR89</th>\n",
       "      <td>-0.299627</td>\n",
       "      <td>0.061384</td>\n",
       "      <td>-0.295332</td>\n",
       "      <td>0.049292</td>\n",
       "      <td>-0.329520</td>\n",
       "      <td>-0.023076</td>\n",
       "      <td>-0.332437</td>\n",
       "      <td>-0.091428</td>\n",
       "      <td>-0.428428</td>\n",
       "      <td>-0.121608</td>\n",
       "      <td>-0.500964</td>\n",
       "      <td>0.260824</td>\n",
       "      <td>0.550689</td>\n",
       "      <td>0.447322</td>\n",
       "      <td>0.499752</td>\n",
       "      <td>0.578759</td>\n",
       "      <td>0.553677</td>\n",
       "      <td>1.000000</td>\n",
       "      <td>-0.297445</td>\n",
       "    </tr>\n",
       "    <tr>\n",
       "      <th>(36V-18V)^2</th>\n",
       "      <td>0.489434</td>\n",
       "      <td>0.170282</td>\n",
       "      <td>0.509380</td>\n",
       "      <td>0.254843</td>\n",
       "      <td>0.499180</td>\n",
       "      <td>0.317218</td>\n",
       "      <td>0.417663</td>\n",
       "      <td>0.303999</td>\n",
       "      <td>0.234101</td>\n",
       "      <td>0.153413</td>\n",
       "      <td>0.508347</td>\n",
       "      <td>-0.428307</td>\n",
       "      <td>-0.175327</td>\n",
       "      <td>-0.356958</td>\n",
       "      <td>-0.349895</td>\n",
       "      <td>-0.352476</td>\n",
       "      <td>-0.238938</td>\n",
       "      <td>-0.297445</td>\n",
       "      <td>1.000000</td>\n",
       "    </tr>\n",
       "  </tbody>\n",
       "</table>\n",
       "</div>"
      ],
      "text/plain": [
       "                BT_6V     BT_6H    BT_10V    BT_10H    BT_18V    BT_18H  \\\n",
       "BT_6V        1.000000  0.706881  0.902436  0.707383  0.890023  0.798186   \n",
       "BT_6H        0.706881  1.000000  0.568021  0.834190  0.518417  0.769785   \n",
       "BT_10V       0.902436  0.568021  1.000000  0.773257  0.988003  0.881559   \n",
       "BT_10H       0.707383  0.834190  0.773257  1.000000  0.727019  0.964617   \n",
       "BT_18V       0.890023  0.518417  0.988003  0.727019  1.000000  0.859872   \n",
       "BT_18H       0.798186  0.769785  0.881559  0.964617  0.859872  1.000000   \n",
       "BT_36V       0.865702  0.478689  0.971562  0.691198  0.992048  0.834843   \n",
       "BT_36H       0.834992  0.696503  0.932071  0.905115  0.922936  0.980153   \n",
       "BT_89V       0.639430  0.245094  0.761296  0.443576  0.804323  0.576820   \n",
       "BT_89H       0.598069  0.290480  0.733361  0.504286  0.768812  0.625645   \n",
       "MODIS_LST    0.695800  0.293277  0.799402  0.456987  0.822631  0.574728   \n",
       "SM          -0.528674 -0.202790 -0.547702 -0.279293 -0.572891 -0.397921   \n",
       "VegWater    -0.044823  0.145106 -0.014331  0.167055 -0.081078  0.170766   \n",
       "PR6         -0.228920  0.526247 -0.299254  0.305535 -0.353705  0.106624   \n",
       "PR10        -0.224399  0.450132 -0.265831  0.405391 -0.319723  0.195277   \n",
       "PR18        -0.186993  0.464409 -0.217277  0.433597 -0.281692  0.247405   \n",
       "PR36         0.010353  0.581071 -0.002258  0.590710 -0.073451  0.436091   \n",
       "PR89        -0.299627  0.061384 -0.295332  0.049292 -0.329520 -0.023076   \n",
       "(36V-18V)^2  0.489434  0.170282  0.509380  0.254843  0.499180  0.317218   \n",
       "\n",
       "               BT_36V    BT_36H    BT_89V    BT_89H  MODIS_LST        SM  \\\n",
       "BT_6V        0.865702  0.834992  0.639430  0.598069   0.695800 -0.528674   \n",
       "BT_6H        0.478689  0.696503  0.245094  0.290480   0.293277 -0.202790   \n",
       "BT_10V       0.971562  0.932071  0.761296  0.733361   0.799402 -0.547702   \n",
       "BT_10H       0.691198  0.905115  0.443576  0.504286   0.456987 -0.279293   \n",
       "BT_18V       0.992048  0.922936  0.804323  0.768812   0.822631 -0.572891   \n",
       "BT_18H       0.834843  0.980153  0.576820  0.625645   0.574728 -0.397921   \n",
       "BT_36V       1.000000  0.914162  0.850981  0.819103   0.825482 -0.562882   \n",
       "BT_36H       0.914162  1.000000  0.685599  0.721321   0.651780 -0.451607   \n",
       "BT_89V       0.850981  0.685599  1.000000  0.948958   0.806342 -0.416322   \n",
       "BT_89H       0.819103  0.721321  0.948958  1.000000   0.711079 -0.367118   \n",
       "MODIS_LST    0.825482  0.651780  0.806342  0.711079   1.000000 -0.528378   \n",
       "SM          -0.562882 -0.451607 -0.416322 -0.367118  -0.528378  1.000000   \n",
       "VegWater    -0.091000  0.133473 -0.279033 -0.114341  -0.341471  0.170437   \n",
       "PR6         -0.380257 -0.039581 -0.433765 -0.320942  -0.435520  0.360861   \n",
       "PR10        -0.351564  0.031866 -0.428665 -0.297022  -0.462037  0.369111   \n",
       "PR18        -0.314712  0.090291 -0.446171 -0.288578  -0.483104  0.343727   \n",
       "PR36        -0.114749  0.297638 -0.326878 -0.166402  -0.347160  0.222170   \n",
       "PR89        -0.332437 -0.091428 -0.428428 -0.121608  -0.500964  0.260824   \n",
       "(36V-18V)^2  0.417663  0.303999  0.234101  0.153413   0.508347 -0.428307   \n",
       "\n",
       "             VegWater       PR6      PR10      PR18      PR36      PR89  \\\n",
       "BT_6V       -0.044823 -0.228920 -0.224399 -0.186993  0.010353 -0.299627   \n",
       "BT_6H        0.145106  0.526247  0.450132  0.464409  0.581071  0.061384   \n",
       "BT_10V      -0.014331 -0.299254 -0.265831 -0.217277 -0.002258 -0.295332   \n",
       "BT_10H       0.167055  0.305535  0.405391  0.433597  0.590710  0.049292   \n",
       "BT_18V      -0.081078 -0.353705 -0.319723 -0.281692 -0.073451 -0.329520   \n",
       "BT_18H       0.170766  0.106624  0.195277  0.247405  0.436091 -0.023076   \n",
       "BT_36V      -0.091000 -0.380257 -0.351564 -0.314712 -0.114749 -0.332437   \n",
       "BT_36H       0.133473 -0.039581  0.031866  0.090291  0.297638 -0.091428   \n",
       "BT_89V      -0.279033 -0.433765 -0.428665 -0.446171 -0.326878 -0.428428   \n",
       "BT_89H      -0.114341 -0.320942 -0.297022 -0.288578 -0.166402 -0.121608   \n",
       "MODIS_LST   -0.341471 -0.435520 -0.462037 -0.483104 -0.347160 -0.500964   \n",
       "SM           0.170437  0.360861  0.369111  0.343727  0.222170  0.260824   \n",
       "VegWater     1.000000  0.257676  0.276701  0.474088  0.538937  0.550689   \n",
       "PR6          0.257676  1.000000  0.896525  0.872124  0.797797  0.447322   \n",
       "PR10         0.276701  0.896525  1.000000  0.973919  0.905001  0.499752   \n",
       "PR18         0.474088  0.872124  0.973919  1.000000  0.961408  0.578759   \n",
       "PR36         0.538937  0.797797  0.905001  0.961408  1.000000  0.553677   \n",
       "PR89         0.550689  0.447322  0.499752  0.578759  0.553677  1.000000   \n",
       "(36V-18V)^2 -0.175327 -0.356958 -0.349895 -0.352476 -0.238938 -0.297445   \n",
       "\n",
       "             (36V-18V)^2  \n",
       "BT_6V           0.489434  \n",
       "BT_6H           0.170282  \n",
       "BT_10V          0.509380  \n",
       "BT_10H          0.254843  \n",
       "BT_18V          0.499180  \n",
       "BT_18H          0.317218  \n",
       "BT_36V          0.417663  \n",
       "BT_36H          0.303999  \n",
       "BT_89V          0.234101  \n",
       "BT_89H          0.153413  \n",
       "MODIS_LST       0.508347  \n",
       "SM             -0.428307  \n",
       "VegWater       -0.175327  \n",
       "PR6            -0.356958  \n",
       "PR10           -0.349895  \n",
       "PR18           -0.352476  \n",
       "PR36           -0.238938  \n",
       "PR89           -0.297445  \n",
       "(36V-18V)^2     1.000000  "
      ]
     },
     "execution_count": 4,
     "metadata": {},
     "output_type": "execute_result"
    }
   ],
   "source": [
    "# correlation matrix\n",
    "correlation_matrix=data.corr()\n",
    "correlation_matrix"
   ]
  },
  {
   "cell_type": "code",
   "execution_count": 5,
   "id": "679e080e",
   "metadata": {
    "ExecuteTime": {
     "end_time": "2021-07-19T18:10:49.626632Z",
     "start_time": "2021-07-19T18:10:49.606656Z"
    }
   },
   "outputs": [],
   "source": [
    "y0=data['MODIS_LST']\n",
    "x0=data[[\"BT_6V\",\"BT_6H\",\"BT_10V\",\"BT_10H\",\"BT_18V\",\"BT_18H\",\"BT_36V\",\"BT_36H\",\"BT_89V\",\"BT_89H\",\"(36V-18V)^2\"]]\n",
    "# x0=data.drop(['MODIS_LST','SM','VegWater'],axis='columns')\n",
    "X_train, X_test, Y_train, Y_test = train_test_split(x0, y0, test_size=0.30, random_state=42)"
   ]
  },
  {
   "cell_type": "code",
   "execution_count": 6,
   "id": "395cbc42",
   "metadata": {
    "ExecuteTime": {
     "end_time": "2021-07-19T18:10:49.649330Z",
     "start_time": "2021-07-19T18:10:49.626632Z"
    }
   },
   "outputs": [],
   "source": [
    "sc_X=StandardScaler()  \n",
    "sc_Y=StandardScaler()  \n",
    "X_train_sc=sc_X.fit_transform(X_train)\n",
    "Y_train=np.array(Y_train).reshape(-1,1)\n",
    "Y_train_sc=sc_Y.fit_transform(Y_train)"
   ]
  },
  {
   "cell_type": "markdown",
   "id": "3e3c10f3",
   "metadata": {},
   "source": [
    "# LinearRegression"
   ]
  },
  {
   "cell_type": "code",
   "execution_count": 7,
   "id": "3cb1a00e",
   "metadata": {
    "ExecuteTime": {
     "end_time": "2021-07-19T18:10:49.679404Z",
     "start_time": "2021-07-19T18:10:49.649330Z"
    }
   },
   "outputs": [
    {
     "name": "stdout",
     "output_type": "stream",
     "text": [
      "R2-:  0.8103773482009781\n",
      "coeff:  [[-0.30771471  0.20882012  0.0389396   0.59418621  0.8586488  -0.60184892\n",
      "   0.73703942 -0.90818926  0.40707891 -0.12663791  0.10862835]]\n",
      "intercept:  [-1.04963077e-14]\n"
     ]
    }
   ],
   "source": [
    "reg = LinearRegression().fit(X_train_sc, Y_train_sc)\n",
    "Y_pred=sc_Y.inverse_transform(reg.predict(sc_X.transform(X_test)))\n",
    "print(\"R2-: \",reg.score(sc_X.fit_transform(X_test),sc_Y.fit_transform(np.array(Y_test).reshape(-1,1))))\n",
    "print(\"coeff: \", reg.coef_)\n",
    "print(\"intercept: \",reg.intercept_)"
   ]
  },
  {
   "cell_type": "code",
   "execution_count": 8,
   "id": "c01d4cd0",
   "metadata": {
    "ExecuteTime": {
     "end_time": "2021-07-19T18:10:49.694821Z",
     "start_time": "2021-07-19T18:10:49.679404Z"
    },
    "scrolled": true
   },
   "outputs": [
    {
     "name": "stdout",
     "output_type": "stream",
     "text": [
      "RMSE:  2.257 K\n"
     ]
    }
   ],
   "source": [
    "RMSE=np.round(mean_squared_error(Y_test,Y_pred,squared=False),decimals=3)\n",
    "print(\"RMSE: \",RMSE,\"K\")"
   ]
  },
  {
   "cell_type": "code",
   "execution_count": 9,
   "id": "37cef4a3",
   "metadata": {
    "ExecuteTime": {
     "end_time": "2021-07-19T18:10:49.699566Z",
     "start_time": "2021-07-19T18:10:49.695818Z"
    }
   },
   "outputs": [],
   "source": [
    "error=Y_test-Y_pred.reshape(-1)\n"
   ]
  },
  {
   "cell_type": "code",
   "execution_count": 10,
   "id": "e507c88b",
   "metadata": {
    "ExecuteTime": {
     "end_time": "2021-07-19T18:10:50.069894Z",
     "start_time": "2021-07-19T18:10:49.699566Z"
    }
   },
   "outputs": [
    {
     "data": {
